07 22 01
07 23 07
07 24 01
07 26 15
07 26 20
07 27 07
07 28 09
07 28 20
07 28 40
07 29 46
07 28 59
07 31 21
07 32 37
07 35 52
07 36 39
07 37 25
07 39 25
07 42 20
07 41 34
07 42 06
07 43 42
07 43 52
07 44 34
07 45 36
07 45 20
07 47 04
07 47 43
07 48 48
07 47 34
07 49 34
07 50 12
07 53 16
07 53 31
07 54 25
07 55 51
07 57 30
07 58 54
07 58 38
07 58 20
07 59 36
07 59 55
08 00 45
08 00 08
08 02 11
08 03 35
08 01 56
08 02 28
08 04 39
08 03 43
08 05 13
08 05 31
08 06 29
08 07 14
08 07 12
08 08 10
08 07 16
08 08 40
08 08 28
08 10 59
08 12 32
08 13 21
08 13 26
08 14 58
08 14 03
08 15 56
08 17 00
08 19 46
08 20 42
08 22 12
08 24 08
08 24 38
08 24 50
08 24 41
08 25 38
08 27 01
08 27 52
08 29 27
08 31 21
08 33 50
08 34 07
08 34 34
08 36 21
08 37 32
08 37 55
08 39 29
08 38 19
08 39 47
08 39 49
08 41 22
08 42 45
08 42 20
08 43 35
08 44 52
08 44 30
08 47 18
08 47 48
08 46 41
08 50 59
08 50 45
08 52 52
08 55 57
08 55 43
08 55 10
08 56 38
08 58 00
08 58 12
08 56 42
08 57 38
09 01 16
09 04 00
09 05 45
09 05 48
09 06 05
09 08 14
09 08 19
09 10 13
09 09 45
09 10 55
09 11 07
09 11 29
09 13 48
09 13 03
09 15 51
09 17 54
09 17 40
09 18 07
09 20 54
09 19 45
09 21 18
09 21 23
09 22 07
09 22 38
09 22 35
09 23 44
09 23 42
09 24 22
09 24 48
09 28 06
09 27 18
09 29 38
09 30 47
09 31 31
09 31 53
09 32 05
09 33 59
09 34 48
09 34 02
09 34 21
09 35 39
09 37 06
09 37 43
09 36 49
09 38 38
09 39 58
09 40 02
09 41 39
09 43 00
09 44 04
09 44 35
09 45 48
09 47 28
09 46 21
09 46 51
09 48 28
09 48 57
09 50 40
09 52 04
09 53 19
09 52 27
09 53 14
09 55 29
09 56 23
09 58 51
09 59 17
10 01 58
10 01 28
10 02 56
10 03 50
10 02 07
10 06 01
10 09 31
10 08 21
10 11 06
10 12 22
10 13 08
10 13 22
10 13 32
10 15 26
10 15 43
10 16 37
10 20 02
10 21 08
10 20 30
10 23 21
10 25 33
10 28 05
10 30 18
10 30 17
10 31 37
10 33 00
10 32 22
10 33 05
10 35 19
10 36 33
10 35 34
10 37 00
10 38 03
10 38 47
10 39 37
10 40 39
10 41 48
10 44 01
10 44 51
10 45 00
10 46 32
10 47 13
10 50 14
10 49 57
10 51 29
10 50 40
10 52 55
10 55 08
10 57 52
11 01 09
11 02 03
11 01 17
11 02 54
11 02 53
11 05 06
11 05 32
11 07 16
11 08 10
11 10 28
11 10 26
11 10 09
11 11 28
11 13 10
11 12 53
11 17 07
11 17 32
11 19 07
11 19 22
11 20 59
11 22 02
11 21 31
11 22 30
11 24 23
11 23 44
11 25 35
11 27 32
11 26 15
11 26 01
11 28 27
11 29 32
11 32 19
11 31 50
11 31 00
11 32 03
11 35 05
11 35 36
11 36 53
11 37 24
11 37 06
11 40 17
11 40 25
11 42 02
11 42 38
11 42 39
11 44 35
11 44 08
11 46 03
11 50 51
11 50 20
11 52 20
11 52 30
11 52 22
11 53 53
11 53 33
11 55 19
11 56 56
11 57 18
11 56 28
11 56 51
11 59 29
11 58 18
11 59 26
12 02 55
12 03 52
12 04 06
12 04 22
12 04 50
12 05 13
12 07 56
12 09 31
12 10 47
12 10 59
12 13 09
12 14 12
12 13 42
12 15 27
12 17 07
12 19 37
12 20 55
12 21 29
12 23 15
12 22 26
12 22 09
12 22 57
12 22 46
12 23 31
12 25 47
12 25 26
12 25 49
12 27 43
12 26 14
12 26 27
12 28 18
12 29 14
12 30 54
12 31 37
12 33 19
12 33 46
12 34 46
12 35 46
12 36 38
12 38 10
12 38 51
12 41 07
12 41 51
12 41 55
12 41 46
12 42 47
12 44 34
12 45 10
12 46 37
12 47 45
12 48 45
12 49 07
12 49 51
12 51 31
12 51 36
12 53 40
12 53 46
12 54 04
12 57 07
12 57 21
12 59 50
13 00 15
13 03 48
13 03 33
13 03 39
13 04 28
13 06 43
13 06 19
13 06 49
13 08 12
13 08 04
13 12 49
13 12 30
13 13 58
13 16 26
13 15 52
13 15 29
13 17 46
13 17 42
13 18 57
13 21 10
13 21 15
13 20 11
13 20 21
13 23 40
13 22 22
13 24 53
13 25 44
13 26 14
13 26 41
13 25 31
13 27 24
13 30 39
13 32 21
13 33 38
13 34 01
13 34 18
13 35 12
13 41 11
13 41 21
13 43 27
13 44 42
13 46 19
13 46 14
13 46 38
13 47 42
13 48 39
13 50 08
13 51 00
13 51 43
13 54 22
13 57 26
13 58 55
14 00 24
14 01 53
14 02 16
14 03 17
14 04 14
14 05 28
14 05 52
14 05 47
14 06 42
14 06 19
14 08 25
14 07 49
14 08 59
14 08 43
14 10 25
14 11 01
14 10 50
14 11 20
14 11 23
14 12 41
14 14 15
14 13 10
14 15 57
14 14 26
14 16 01
14 18 10
14 19 55
14 20 51
14 22 46
14 24 04
14 24 13
14 26 53
14 28 33
14 29 39
14 30 05
14 31 22
14 31 28
14 32 57
14 32 43
14 34 10
14 34 45
14 37 08
14 35 49
14 37 43
14 37 31
14 38 34
14 38 58
14 39 34
14 38 15
14 39 36
14 40 07
14 41 06
14 39 55
14 42 49
14 42 49
14 43 42
14 43 23
14 43 36
14 44 41
14 45 05
14 45 38
14 47 37
14 49 21
14 50 04
14 49 38
14 52 16
14 52 29
14 51 22
14 53 40
14 52 51
14 52 45
14 55 24
14 55 12
14 56 19
14 56 02
14 58 20
14 57 47
15 00 26
15 00 01
15 00 35
15 03 52
15 04 10
15 05 23
15 08 55
15 10 35
15 09 45
15 12 37
15 12 44
15 15 42
15 15 37
15 17 49
15 17 20
15 18 26
15 18 45
15 18 19
15 19 54
15 20 10
15 20 44
15 20 48
15 24 30
15 22 32
15 23 16
15 25 44
15 26 36
15 27 02
15 28 47
15 29 06
15 28 47
15 30 06
15 31 06
15 31 41
15 32 07
15 31 05
15 33 42
15 34 01
15 33 44
15 35 11
15 35 47
15 36 34
15 39 46
15 41 10
15 41 20
15 41 06
15 43 40
15 45 04
15 44 29
15 45 42
15 48 15
15 49 22
15 52 01
15 52 01
15 53 05
15 53 44
15 54 53
15 56 42
15 58 32
16 00 59
16 01 17
16 00 47
16 00 17
16 00 17
16 02 54
16 01 28
16 05 20
16 05 57
16 07 34
16 07 36
16 09 06
16 07 48
16 07 53
16 08 54
16 08 42
16 09 52
16 13 45
16 14 48
16 13 32
16 14 58
16 14 34
16 17 17
16 20 31
16 21 12
16 20 01
16 21 49
16 25 23
