1105
7 21 1 60 U
7 21 58 69 U
7 22 4 117 U
7 22 39 155 L
7 23 11 99 L
7 23 31 164 U
7 23 33 167 U
7 24 11 121 L
7 24 56 142 L
7 25 29 98 U
7 26 24 105 U
7 26 27 113 U
7 26 29 159 L
7 26 34 126 U
7 27 27 108 L
7 27 28 138 U
7 28 18 41 U
7 29 18 123 U
7 30 7 73 L
7 31 5 67 L
7 31 35 62 U
7 32 7 82 L
7 32 48 44 L
7 33 5 43 L
7 33 58 60 L
7 34 2 132 L
7 34 12 100 U
7 34 20 167 L
7 34 43 116 U
7 35 1 120 L
7 35 56 89 U
7 36 47 49 L
7 37 43 88 L
7 38 18 67 U
7 38 19 136 L
7 38 50 47 L
7 39 36 46 L
7 39 48 152 U
7 40 27 67 U
7 41 2 64 U
7 41 43 119 U
7 41 49 92 L
7 42 10 102 U
7 42 15 98 L
7 42 31 170 L
7 43 14 80 U
7 43 24 46 L
7 43 31 125 U
7 44 6 74 U
7 44 6 46 L
7 45 5 119 U
7 45 13 150 U
7 45 53 175 U
7 46 43 51 U
7 47 22 132 U
7 47 40 164 L
7 48 4 160 L
7 48 27 105 U
7 49 17 176 L
7 49 49 75 L
7 50 4 53 L
7 50 58 138 U
7 51 3 148 U
7 51 47 158 U
7 52 23 142 L
7 53 23 148 U
7 53 57 92 L
7 54 21 64 L
7 55 12 109 L
7 55 40 110 U
7 56 8 112 L
7 56 20 154 U
7 57 0 98 U
7 57 3 77 U
7 57 7 112 L
7 57 14 142 U
7 58 5 123 L
7 58 21 94 U
7 58 42 117 L
7 58 58 107 U
7 59 10 58 U
7 59 19 172 U
7 59 35 51 L
8 0 21 136 L
8 0 38 177 U
8 0 43 73 U
8 1 22 66 U
8 1 31 179 L
8 2 27 120 L
8 2 42 117 U
8 2 55 178 L
8 2 59 44 U
8 3 3 130 U
8 3 3 156 L
8 3 12 58 L
8 3 18 133 U
8 4 11 138 U
8 4 25 43 L
8 4 37 157 U
8 5 7 125 U
8 5 12 178 U
8 5 49 153 L
8 6 32 44 U
8 6 36 124 U
8 7 5 83 U
8 7 43 178 L
8 8 33 146 U
8 9 4 74 L
8 10 0 122 L
8 10 6 146 U
8 11 5 136 U
8 11 55 91 U
8 12 31 147 U
8 12 36 87 U
8 13 31 145 U
8 14 16 137 L
8 14 50 130 U
8 15 24 112 L
8 15 54 60 L
8 16 18 152 L
8 17 9 157 U
8 17 32 162 L
8 17 55 65 L
8 18 50 112 U
8 19 22 95 L
8 20 6 126 U
8 20 47 89 L
8 21 21 167 U
8 22 9 149 U
8 22 56 114 U
8 23 3 98 U
8 23 55 103 U
8 24 43 138 U
8 25 4 79 L
8 25 5 75 L
8 25 51 146 L
8 26 43 101 L
8 26 46 66 U
8 26 53 141 L
8 27 44 144 L
8 27 56 147 L
8 28 3 84 U
8 28 49 122 L
8 28 56 156 L
8 28 59 142 U
8 29 51 95 L
8 30 35 77 L
8 30 57 173 U
8 31 42 166 L
8 31 51 136 U
8 32 41 64 L
8 33 21 139 L
8 33 43 169 L
8 33 49 45 U
8 34 11 94 L
8 34 21 120 U
8 35 6 100 L
8 35 58 94 U
8 36 25 90 U
8 36 32 177 U
8 36 47 92 U
8 37 41 72 L
8 38 33 74 U
8 38 53 97 L
8 39 4 45 U
8 39 57 85 U
8 40 0 62 L
8 40 49 157 L
8 41 19 86 U
8 41 35 45 U
8 42 33 62 U
8 42 42 130 U
8 43 35 55 U
8 44 14 149 L
8 44 22 176 U
8 44 37 91 L
8 44 52 176 U
8 45 43 58 U
8 46 18 80 L
8 47 10 155 L
8 47 35 109 L
8 48 8 90 L
8 48 55 124 U
8 49 17 149 L
8 49 55 50 U
8 50 13 159 U
8 50 39 103 L
8 50 42 62 L
8 51 21 104 L
8 52 10 113 L
8 52 30 149 L
8 53 9 168 U
8 53 18 145 U
8 54 17 53 U
8 54 25 59 L
8 55 0 98 U
8 55 13 167 U
8 55 37 155 U
8 55 42 60 U
8 55 47 111 U
8 56 45 59 L
8 57 25 163 L
8 58 4 126 L
8 58 6 60 L
8 58 25 166 L
8 59 24 112 U
9 0 7 147 L
9 1 1 154 L
9 1 3 177 U
9 2 0 166 L
9 2 42 75 L
9 2 51 174 U
9 3 38 130 U
9 4 30 179 L
9 4 41 41 L
9 5 12 53 U
9 5 46 148 U
9 5 52 147 U
9 6 26 57 L
9 7 0 177 L
9 7 32 71 L
9 7 50 143 U
9 8 40 65 U
9 9 10 105 U
9 9 25 102 U
9 9 32 179 L
9 9 44 105 U
9 10 17 64 L
9 10 56 97 L
9 11 11 157 U
9 11 52 71 U
9 12 52 83 L
9 13 39 132 U
9 13 59 166 L
9 14 57 177 U
9 15 25 135 U
9 15 55 84 L
9 15 58 167 L
9 16 55 125 L
9 17 4 99 L
9 17 14 53 U
9 17 29 179 L
9 18 20 154 U
9 18 21 76 L
9 18 29 76 U
9 18 33 165 U
9 18 52 151 U
9 19 23 164 U
9 20 9 149 U
9 20 37 118 U
9 20 50 174 U
9 21 43 119 U
9 22 16 174 L
9 22 46 96 U
9 23 40 147 L
9 24 0 48 U
9 24 23 133 L
9 24 33 64 L
9 25 26 160 U
9 26 13 65 U
9 26 37 70 L
9 26 47 143 L
9 27 14 144 U
9 27 57 44 L
9 28 16 151 U
9 28 45 166 U
9 29 19 154 U
9 29 26 82 L
9 30 15 153 L
9 30 31 94 U
9 30 43 157 L
9 31 2 177 U
9 31 3 134 L
9 31 56 172 U
9 32 0 122 U
9 32 6 135 U
9 32 49 178 L
9 33 45 114 U
9 34 40 146 U
9 34 53 145 L
9 35 4 159 U
9 35 10 147 L
9 35 36 73 U
9 35 57 163 L
9 36 22 129 L
9 37 15 100 L
9 37 23 87 L
9 37 33 65 U
9 37 56 122 U
9 38 30 92 U
9 39 2 138 L
9 39 8 113 L
9 39 25 134 U
9 40 18 126 L
9 40 43 137 U
9 41 13 171 U
9 41 53 132 L
9 42 51 109 L
9 43 19 76 U
9 43 42 126 U
9 43 50 73 L
9 44 48 160 U
9 45 22 59 U
9 46 1 50 U
9 46 40 129 L
9 47 29 59 U
9 47 45 72 U
9 48 13 147 U
9 49 10 174 U
9 49 23 52 L
9 50 15 65 L
9 51 5 74 L
9 51 43 96 U
9 51 46 41 U
9 52 0 74 U
9 52 23 138 L
9 53 4 163 L
9 54 0 85 L
9 54 27 62 U
9 54 39 157 L
9 55 2 81 U
9 55 37 46 L
9 56 10 161 U
9 56 45 101 L
9 57 32 57 L
9 58 5 72 U
9 58 30 64 L
9 59 29 149 U
9 59 53 111 L
10 0 24 64 U
10 1 9 107 U
10 1 14 156 U
10 1 15 52 U
10 1 36 178 L
10 2 7 160 L
10 2 58 50 L
10 3 19 179 L
10 3 37 144 U
10 4 27 130 L
10 5 11 139 L
10 5 51 113 L
10 6 46 165 U
10 7 19 62 U
10 7 25 146 L
10 8 8 178 U
10 8 29 51 L
10 8 59 122 L
10 9 38 164 U
10 10 26 162 U
10 10 38 96 L
10 11 14 128 U
10 12 7 85 U
10 12 33 66 L
10 13 25 106 L
10 13 35 111 U
10 14 8 95 U
10 14 28 139 L
10 15 5 92 L
10 15 45 52 U
10 16 36 41 L
10 17 12 170 U
10 17 50 93 L
10 18 48 140 U
10 19 27 63 U
10 20 1 170 L
10 20 43 109 L
10 21 33 60 L
10 21 41 114 L
10 21 58 71 L
10 22 1 80 U
10 22 54 159 U
10 23 52 48 L
10 24 6 148 L
10 25 2 147 L
10 25 31 156 L
10 25 35 77 L
10 26 21 103 L
10 27 19 46 U
10 27 58 64 L
10 28 38 100 U
10 29 19 58 U
10 29 52 81 L
10 30 11 86 U
10 30 18 162 U
10 31 17 65 U
10 32 3 90 L
10 32 20 45 U
10 33 17 166 L
10 33 39 100 U
10 33 48 111 L
10 34 17 136 U
10 34 25 145 L
10 34 27 60 L
10 34 30 64 U
10 34 49 75 L
10 35 3 117 U
10 35 21 100 L
10 35 42 141 U
10 35 58 169 U
10 36 48 64 L
10 37 36 79 L
10 38 23 40 L
10 38 48 49 U
10 39 41 58 U
10 40 33 75 U
10 40 59 65 L
10 41 17 128 L
10 41 40 116 L
10 42 36 85 U
10 43 27 84 U
10 43 39 101 L
10 43 41 79 U
10 44 1 171 L
10 44 11 44 L
10 45 7 98 L
10 45 38 54 U
10 46 22 51 U
10 47 15 50 L
10 48 5 129 U
10 48 16 101 U
10 48 42 155 L
10 48 51 158 U
10 49 37 129 L
10 49 52 48 U
10 50 35 140 U
10 51 29 133 L
10 52 27 67 L
10 53 24 128 L
10 54 11 95 L
10 54 21 47 U
10 54 47 95 L
10 55 46 85 L
10 56 16 62 L
10 57 5 47 U
10 57 52 153 L
10 58 4 170 L
10 58 40 149 U
10 59 30 153 U
11 0 10 67 U
11 0 18 156 U
11 1 1 95 L
11 1 28 85 U
11 2 18 168 U
11 3 2 150 U
11 3 57 111 L
11 4 24 87 L
11 4 52 162 L
11 5 14 69 L
11 5 51 85 U
11 6 26 132 L
11 7 2 68 U
11 7 33 56 L
11 8 2 162 L
11 8 17 131 U
11 9 12 74 U
11 9 24 45 U
11 9 28 120 U
11 10 5 143 L
11 10 45 92 L
11 11 45 85 U
11 12 3 50 U
11 12 33 44 L
11 13 17 55 L
11 13 37 132 L
11 14 16 52 L
11 15 0 127 U
11 15 59 145 L
11 16 50 42 U
11 17 0 125 L
11 17 39 88 U
11 17 48 94 U
11 18 44 42 L
11 18 45 134 U
11 19 20 162 U
11 20 19 72 U
11 20 58 92 U
11 21 34 169 U
11 21 55 86 L
11 22 50 54 U
11 23 33 124 L
11 24 31 64 U
11 25 4 148 U
11 25 5 70 U
11 25 16 86 L
11 25 18 43 U
11 26 16 103 L
11 26 44 166 L
11 27 33 54 U
11 28 32 60 U
11 29 20 159 L
11 29 30 169 U
11 29 45 125 U
11 30 11 49 U
11 30 17 169 L
11 31 13 50 U
11 31 33 129 L
11 32 18 62 L
11 32 31 102 L
11 32 35 150 U
11 32 50 64 L
11 33 23 58 L
11 33 25 164 L
11 33 49 134 L
11 34 25 145 L
11 34 27 69 U
11 34 41 132 U
11 35 36 108 U
11 36 9 57 U
11 37 0 152 L
11 37 48 114 L
11 38 13 124 U
11 38 33 112 U
11 39 24 130 L
11 39 50 147 L
11 40 3 119 U
11 40 47 122 L
11 41 2 96 U
11 41 48 89 L
11 41 51 48 U
11 42 22 103 L
11 42 48 107 U
11 43 0 68 U
11 43 49 42 L
11 44 17 106 U
11 45 4 179 L
11 46 1 128 L
11 46 32 86 L
11 47 2 69 L
11 47 45 96 L
11 48 3 168 U
11 48 15 155 L
11 48 57 83 U
11 49 50 150 U
11 50 45 105 U
11 50 57 85 U
11 51 9 170 L
11 51 21 152 U
11 51 33 66 L
11 52 19 74 U
11 53 13 126 U
11 54 0 115 L
11 54 18 158 U
11 54 27 122 L
11 54 42 156 U
11 54 44 80 L
11 54 59 162 L
11 55 43 45 U
11 56 9 42 U
11 57 3 146 U
11 57 8 70 U
11 58 4 82 L
11 58 5 81 U
11 58 40 54 L
11 59 9 111 L
12 0 7 168 U
12 0 36 84 L
12 1 18 154 U
12 1 58 128 U
12 1 59 143 U
12 2 20 150 U
12 2 59 154 L
12 3 59 74 U
12 4 10 136 L
12 4 33 124 L
12 5 4 172 U
12 5 45 165 L
12 6 6 178 L
12 7 2 132 L
12 7 29 87 L
12 8 15 76 U
12 8 52 115 U
12 9 11 108 U
12 9 12 134 L
12 9 55 96 L
12 10 5 129 L
12 10 28 161 U
12 11 20 75 L
12 11 30 162 U
12 12 9 166 L
12 12 25 77 U
12 12 49 95 L
12 13 47 111 L
12 14 22 153 L
12 14 39 48 U
12 15 25 167 L
12 16 17 50 U
12 16 41 176 U
12 17 34 125 L
12 17 58 120 L
12 18 47 128 U
12 19 32 117 U
12 20 17 178 U
12 20 43 103 U
12 21 19 50 U
12 21 20 97 U
12 21 32 74 U
12 22 13 75 L
12 22 21 70 U
12 23 7 160 U
12 23 50 162 L
12 24 0 86 U
12 24 48 61 U
12 25 21 142 U
12 25 33 41 U
12 25 41 46 U
12 26 40 109 L
12 26 47 66 L
12 27 22 56 U
12 28 3 71 U
12 28 41 84 L
12 29 38 76 U
12 30 27 70 U
12 31 20 161 L
12 31 26 105 L
12 31 39 100 U
12 32 25 81 U
12 32 46 120 U
12 32 49 143 L
12 32 59 167 U
12 33 56 162 U
12 34 56 89 L
12 35 37 153 U
12 35 57 101 L
12 36 9 146 L
12 37 5 106 U
12 37 9 73 L
12 37 43 85 L
12 38 17 170 U
12 39 3 168 U
12 39 47 128 U
12 40 32 74 U
12 40 32 166 L
12 40 53 155 L
12 41 12 121 L
12 41 15 177 L
12 41 33 74 U
12 41 50 157 L
12 42 33 124 L
12 43 28 66 U
12 44 16 146 L
12 44 17 53 U
12 44 31 126 U
12 44 44 154 L
12 44 53 172 U
12 45 51 149 L
12 45 59 166 U
12 46 32 44 L
12 47 8 168 L
12 47 37 90 U
12 48 10 100 L
12 48 51 169 L
12 48 56 55 U
12 49 28 56 L
12 50 7 84 U
12 50 38 58 U
12 50 58 60 L
12 51 30 130 U
12 52 3 103 U
12 52 56 68 U
12 53 9 176 L
12 54 1 176 L
12 54 34 40 L
12 54 53 56 L
12 55 44 126 L
12 55 49 168 L
12 56 2 65 U
12 56 2 59 L
12 56 6 156 L
12 56 18 91 L
12 56 38 43 U
12 57 12 115 L
12 57 25 91 L
12 58 25 85 U
12 58 57 78 U
12 59 21 116 L
13 0 7 173 L
13 0 41 168 L
13 0 51 166 L
13 1 7 161 U
13 1 19 134 U
13 1 26 74 L
13 1 31 92 L
13 2 17 82 U
13 3 14 65 L
13 3 27 61 U
13 3 46 177 U
13 4 43 96 U
13 5 42 67 U
13 6 5 127 U
13 6 21 103 U
13 7 13 159 L
13 7 40 107 L
13 8 23 125 L
13 8 45 71 L
13 9 30 115 L
13 10 26 143 U
13 11 3 110 L
13 11 8 157 L
13 11 23 67 U
13 12 19 99 U
13 12 32 119 L
13 13 30 176 U
13 13 56 82 L
13 14 4 108 U
13 14 16 60 L
13 14 44 45 U
13 15 4 98 L
13 15 12 154 U
13 15 47 115 U
13 16 30 147 U
13 17 24 110 L
13 17 39 89 L
13 18 13 177 U
13 18 15 41 L
13 19 2 133 U
13 19 7 64 U
13 19 31 50 U
13 19 33 174 L
13 19 42 43 L
13 20 7 169 L
13 21 0 160 U
13 21 1 81 U
13 21 20 145 L
13 21 46 158 L
13 21 54 88 L
13 22 12 113 L
13 22 50 123 U
13 23 20 93 L
13 23 28 136 U
13 23 37 157 U
13 24 0 161 U
13 24 13 78 U
13 24 45 146 L
13 25 33 60 L
13 25 48 96 U
13 26 5 44 L
13 26 46 175 L
13 27 12 40 L
13 28 9 115 L
13 28 28 59 L
13 29 11 95 L
13 29 42 57 U
13 30 9 145 L
13 30 42 97 L
13 30 46 95 U
13 31 37 121 U
13 31 51 142 L
13 31 51 130 U
13 32 11 48 L
13 32 17 121 U
13 32 23 155 L
13 32 54 106 L
13 33 36 96 U
13 34 35 171 L
13 35 17 134 L
13 35 48 118 L
13 36 47 55 L
13 37 26 69 L
13 38 9 106 L
13 38 13 172 L
13 38 49 115 L
13 39 33 98 U
13 39 39 102 U
13 40 37 100 L
13 41 1 146 U
13 41 19 103 L
13 42 19 139 L
13 42 22 40 L
13 43 21 81 U
13 43 58 141 U
13 44 13 121 U
13 45 7 91 U
13 45 30 86 L
13 46 2 100 U
13 47 0 100 L
13 47 20 79 U
13 47 28 51 L
13 47 36 152 U
13 48 22 158 U
13 49 21 107 L
13 49 47 51 L
13 50 32 71 U
13 50 59 121 L
13 51 19 82 L
13 51 20 139 L
13 51 28 114 L
13 51 47 155 U
13 52 4 151 L
13 52 36 46 L
13 53 5 175 L
13 53 15 140 L
13 53 53 87 L
13 53 55 45 L
13 54 41 165 U
13 55 35 124 L
13 56 21 98 L
13 56 37 81 L
13 57 11 72 L
13 58 6 49 U
13 58 25 179 L
13 58 54 90 U
13 59 46 127 U
14 0 33 103 U
14 0 57 173 L
14 0 59 147 L
14 1 0 165 L
14 1 48 97 L
14 2 8 69 U
14 2 30 125 L
14 3 16 58 U
14 3 54 94 U
14 4 7 105 U
14 4 40 67 U
14 4 52 41 L
14 4 59 103 U
14 5 12 67 U
14 5 49 102 L
14 6 8 137 U
14 6 55 54 U
14 6 57 122 L
14 7 20 99 U
14 7 34 69 U
14 7 48 157 U
14 7 52 57 L
14 8 38 143 U
14 8 52 118 U
14 8 56 144 U
14 9 11 132 U
14 9 54 99 L
14 10 12 149 U
14 11 1 125 L
14 11 34 161 U
14 12 17 53 U
14 13 12 165 U
14 13 37 49 U
14 14 7 114 U
14 14 21 97 L
14 15 14 65 L
14 16 3 166 L
14 17 1 69 U
14 17 47 84 L
14 18 29 164 L
14 18 48 67 U
14 19 36 75 U
14 20 17 149 U
14 20 51 56 L
14 21 15 127 L
14 21 50 134 U
14 22 27 57 L
14 22 55 178 L
14 23 7 66 U
14 23 24 51 L
14 24 20 153 U
14 24 59 148 L
14 25 26 104 L
14 25 29 93 L
14 25 48 173 L
14 26 47 175 L
14 27 35 58 U
14 28 6 93 U
14 28 10 115 U
14 28 46 156 U
14 29 30 118 L
14 29 42 76 L
14 30 14 74 U
14 30 42 135 L
14 30 47 130 U
14 30 48 115 U
14 31 42 148 U
14 31 46 179 U
14 32 37 69 L
14 33 14 95 L
14 33 15 80 L
14 34 11 177 U
14 34 13 146 L
14 34 24 85 U
14 34 57 166 U
14 35 30 121 U
14 35 36 55 L
14 36 0 154 U
14 36 25 153 U
14 36 48 166 U
14 37 15 60 U
14 37 39 117 U
14 37 40 161 L
14 37 55 132 U
14 38 40 146 U
14 39 1 54 U
14 39 54 175 U
14 40 53 116 U
14 41 27 135 U
14 41 37 129 L
14 42 0 114 L
14 42 25 58 U
14 42 41 55 U
14 42 55 104 L
14 43 2 99 U
14 43 11 97 L
14 43 15 169 L
14 43 16 85 L
14 43 17 108 U
14 43 37 121 U
14 44 6 66 L
14 45 6 154 L
14 45 37 120 U
14 46 10 137 L
14 46 42 159 U
14 47 36 71 L
14 47 48 136 U
14 48 14 148 L
14 48 53 45 U
14 49 16 59 L
14 49 43 153 U
14 49 47 162 U
14 50 37 45 U
14 51 8 152 U
14 51 15 96 U
14 51 58 47 U
14 52 15 172 L
14 52 27 177 U
14 53 22 110 U
14 53 56 143 U
14 54 45 77 U
14 55 44 132 L
14 56 6 134 U
14 56 28 79 U
14 57 21 90 L
14 58 5 141 U
14 58 11 81 L
14 59 0 61 U
14 59 20 75 U
15 0 1 70 L
15 0 59 173 U
15 1 28 162 U
15 1 32 109 L
15 2 6 116 L
15 2 45 118 L
15 3 11 132 U
15 3 50 54 L
15 4 48 79 L
15 5 30 174 L
15 6 25 170 L
15 6 45 153 L
15 6 56 69 L
15 7 43 72 U
15 7 51 112 L
15 8 19 136 U
15 8 46 59 U
15 8 53 65 L
15 9 30 136 L
15 9 46 105 L
15 10 14 143 U
15 10 59 105 U
15 11 17 102 L
15 12 12 169 L
15 12 46 130 L
15 12 52 110 L
15 13 44 118 U
15 13 50 107 U
15 14 43 70 L
15 15 41 128 U
15 15 56 84 U
15 16 5 141 U
15 16 10 140 L
15 16 24 141 U
15 17 10 69 U
15 17 56 118 U
15 18 4 138 L
15 18 32 98 U
15 18 56 79 L
15 19 34 70 U
15 19 43 65 U
15 20 22 80 L
15 20 48 174 L
15 21 32 178 U
15 21 50 42 U
15 22 6 70 U
15 22 39 44 L
15 22 42 155 L
15 23 2 60 L
15 23 10 85 L
15 24 0 86 L
15 24 48 48 L
15 24 57 47 U
15 25 35 61 U
15 25 49 73 U
15 26 5 162 U
15 26 30 156 U
15 27 30 77 U
15 27 39 147 U
15 27 51 145 L
15 28 51 179 L
15 29 1 125 U
15 29 16 145 U
15 30 5 122 U
15 30 10 113 L
15 30 19 46 U
15 31 13 149 U
15 31 57 124 U
15 32 16 88 U
15 32 24 53 L
15 32 51 140 U
15 33 25 142 U
15 34 18 92 L
15 34 42 41 L
15 35 12 82 U
15 35 17 135 L
15 35 20 90 L
15 35 56 171 L
15 36 49 152 L
15 37 7 45 L
15 37 55 111 U
15 37 55 119 L
15 38 11 57 L
15 38 51 139 U
15 38 52 148 U
15 39 15 144 L
15 40 7 59 U
15 40 56 164 U
15 41 39 105 L
15 42 28 156 U
15 43 10 92 L
15 43 46 43 U
15 43 51 111 U
15 44 49 132 L
15 45 7 112 L
15 45 57 138 U
15 46 12 70 L
15 47 0 59 L
15 47 46 81 L
15 48 18 76 L
15 48 24 58 U
15 48 34 143 L
15 49 28 90 L
15 50 22 152 L
15 50 52 69 U
15 51 12 49 U
15 51 30 95 U
15 52 6 98 U
15 53 5 84 L
15 53 50 63 U
15 54 26 110 L
15 55 4 131 L
15 55 46 56 U
15 56 25 56 L
15 57 24 68 U
15 58 6 173 U
15 58 26 171 U
15 59 10 97 U
15 59 20 57 U
15 59 32 45 U
15 59 38 113 L
16 0 1 40 L
16 0 20 154 U
16 0 34 54 U
16 1 17 87 L
16 2 3 59 L
16 2 51 149 U
16 3 0 177 U
16 3 5 63 L
16 3 9 95 L
16 3 12 120 L
16 3 57 144 L
16 4 47 167 U
16 5 20 136 U
16 5 56 62 L
16 6 23 63 L
16 6 32 154 U
16 6 51 57 U
16 6 53 113 L
16 6 55 89 L
16 7 9 44 U
16 7 45 69 U
16 7 57 45 U
16 8 9 165 L
16 8 19 148 L
16 8 53 59 U
16 9 31 47 L
16 9 57 62 L
16 10 42 116 L
16 11 17 148 U
16 12 6 162 U
16 12 9 83 U
16 12 42 136 U
16 13 22 72 U
16 14 9 63 L
16 15 1 82 L
16 15 46 157 L
16 16 29 48 U
16 16 43 90 L
16 17 28 166 L
16 17 45 166 U
16 18 13 179 U
16 18 36 118 L
16 19 7 54 U
16 19 12 60 L
16 19 16 53 L
16 19 58 57 L
16 20 31 98 L
16 21 1 91 L
16 21 3 46 U
16 21 35 174 L
16 22 12 154 L
16 22 43 160 U
16 26 0 48 L
